20212020020220221021001002112101101101100100000202
10021120001120102200200021020001101000000121002222
00000011022011221210222202001020000100020222122110
12101111220000022222100121100011020222112120012202
22221012021211220210112112212001001102112011110000
11100002102222202100201122022001012020100102200111
21101121100110111012221021022221101201012002120110
01221202202110002001222022010211012210211202211021
11110101200121220220102111102010200210111101210200
01120021012102202100021111220201121120020210201122
11200112222211202112112022100202000011012000121011
10010010022122120121221100121112112011100010011101
20002011020121122200011001122202210221101121000111
21011000012110220201020201112200012222201010022010
22001112022020220222010220121000201200210220222021
22001211101211001110210210110020001220021020101022
11120022100010101202222101221110102201222000221012
20222002202100100222221200120020122121111121112201
00012112110012221210021210000110101122001110110001
10020201000202020212001100010021111212022120022111
11120120011122011102020201122001221221020112111201
21221000112221211101101002120212210121102022011101
02210022222021202221220100122100100112102022220210
10222000200111220111212202112010121121202011210022
20022112012221100220221101202021000012221020211001
00022102102110120021002021112022100111002011101201
10001220111110121002120211202020121220002211001111
22222122210112202121020201111200000212201001221211
01022100020100110110211221110101211202202010012121
22002011122210122110111122011200102110010001021111
11000220202021211022102021012201101110102111000120
00011122011000121222021211011221002122121001020111
12002222102120202221211200212122102121012020120120
02222022121110201001200211222200120120012101100011
00102011221000102010010102200010000012222200210202
00102122202101212111100101020011122010010101200121
00022012220212111111222012121010112020102221210121
20101002020201122001002022200220220002012102222002
21012012011121002021022010001100010011201111022000
10222120211012220122101021212011111001022202201220
11102121022121001020112101201210011221222221022001
11100200212220012202022210101222111201210000001002
00202002101121010000210221012120210201211102201012
11121122021220200212112111222121011220202102122012
22111210200220100122220220220110120021222221212122
02020220201200201210200220001122022121101022110212
00002011002120122210201100002221002121202212202200
02121121201212100020022012102120002222122011002101
12012000021222021212110120112010221120212002022211
21200212112022020020111011210121021110112112122201